135.83679679202822 97.44314501991664
135.87636642594504 96.8404750074386
132.78924922444128 97.44333087275027
134.11393009435247 100.38495431891747
134.6272144110442 101.56825579738626
134.6298414297225 101.56832478727381
132.6596165263895 104.31982728520504
131.96845772217839 103.6538022414399
131.86256426195075 103.82554408218982
132.06910075964066 103.80288796520784
131.77484051455968 103.55430102868624
118.85368023323045 104.93010047981365
119.11582046833158 104.20832982346502
117.71609206564537 103.72311981684446
114.2407261276736 110.58724239348079
114.3882665634056 111.42495379157478
115.15274154429797 112.34242603231421
112.55381482290473 113.7777227638789
112.88798117931489 113.87067144221518
113.54791332953631 113.08487507907081
112.3266579015124 115.09937334174724
117.59048944943657 115.76124741705489
117.60190395064399 115.38257550595746
119.16722981396086 114.47969031499612
121.8768223722434 116.11178442051963
123.86980334755188 116.59991374299167
122.9315440042855 117.03568966055816
124.84128600305577 121.09216475450356
124.86985517774659 121.11142508181946
128.08904508112852 124.00520539986886
127.77546144254971 123.39519391271055
128.0139341943757 123.30522632915945
129.74213343182905 123.9175839013743
131.3424589063346 124.70470642360733
131.4065500412763 124.50286497732937
131.94007939026207 125.25475769080741
133.9618263645196 124.97488135177294
136.22715496910575 122.26464555912351
135.42917062531083 121.42079108909739
135.41517875869081 121.42472070881452
131.7681631601518 123.93786994310753
131.34321902955006 124.14714345580519
131.50869118477758 124.04339304898812
131.74041719067267 123.53060904907291
131.48970497289355 123.58675587606825
130.85745158712828 123.06103199118829
132.69897699378907 124.09207953419364
133.50464118328006 123.44004034708469
133.51486404327474 123.3028702745479
133.47003528805425 122.98970439737833
133.0951709665243 122.3056106673794
131.62252381461028 123.0757221368539
