7 0.9778463965535478 3.4163098119798523 52
162.71949960140466 163.47605113174993 2.7871697868273606 1.3529465285610418
45.1043451464156 104.6306274129888 3.8331171464614164 1.9292558260517652
161.00120643285194 127.03632804222941 2.1802078654850696 1.4328937806556525
153.1733085607386 66.7157658941305 1.7204673115455345 1.4375127823218858
32.61611354148736 77.21609916527666 2.8046546508889976 1.955717989456033
140.58488760315362 91.92963021193383 3.6684812645752016 1.7822191767373599
198.6104813988849 70.74573878220465 3.2491967690995507 1.4455105611458157
72.5369747157462 93.53764211883251 42.93091408944542 37.23473258996967 111.0079722915803 8.43836734772988 72.90162838937376
76.19251494428883 93.74109047606318 40.96067517891073 37.61421066749941 105.08947982118414 11.637903197367127 69.54070079818825
73.97790740901807 86.2693504588924 44.815900278162175 39.562171925678925 106.14385549426329 14.733953970575195 74.25707296958176
73.13746923206124 92.71510835717733 37.1342912780236 38.12641359018808 105.65306396623822 14.06472715272086 74.09386848004482
70.46190700017809 93.09486913536479 36.92633023654978 40.31868477479509 106.63360618440937 13.949482050458613 73.51882213293278
70.0123036116888 94.04777185987842 39.64060275145462 41.29219984318867 107.5453903401438 15.685110185443474 74.45656011903688
69.45041899670657 91.0717666017553 39.37850002219027 43.60070640842235 106.23978892063657 21.573649694755957 77.63021441937538
69.60111852739634 91.0688292304188 39.961644484601635 42.648648493308926 105.9482649077846 17.351591262049595 79.3227922157896
68.72593477502087 90.18475165620599 39.899668727105684 45.437594540794265 101.9250196610926 17.04359802607746 78.19432943242413
69.26687484889122 87.81611455169555 38.887964353200466 45.43267134492122 103.8587957958466 17.21068150277924 79.55433188337028
68.04230608175291 89.52896291557549 37.61556337949593 45.06206509985153 102.21115382011769 19.32228454567966 77.63173282913422
75.86629495875715 77.35462212780166 47.24227468169817 50.75419697078316 94.25833266332553 26.532543094880875 90.88158789489793
76.4189223922889 80.82430170527314 48.638642067091766 51.95696625110907 92.53376995000929 26.020194293409098 89.08033977444512
77.58438997412836 73.48732559024077 50.550277086170425 55.396590232687636 88.90731252470253 31.314314378095897 93.70099794980217
73.76541801491685 73.24877057976748 49.214900403088635 56.60493037065322 91.82456594374774 35.22721914908136 97.77150340715806
73.71197673541486 70.82872487936041 52.30209406840494 62.95942358641863 90.48500453015123 34.879576064655076 96.31589309353376
70.85833406726742 72.37775323673674 53.681876707228945 62.95054316547418 92.37046832977103 39.009236982566726 98.80427693363181
75.0009229246604 72.24655048342795 54.87190821855347 63.45166435428393 89.01321049167015 37.58131757682972 97.20840816773469
69.61503262010103 71.85759353205918 52.119319256145985 63.69772697781081 91.20561347576042 40.3471200912841 100.97765263855125
72.85511731809413 74.97491829267696 51.22744138251817 62.4022004979799 90.16286950736826 37.55805309482608 95.44715361867021
72.78411403750515 71.4316553396779 51.4063756394498 62.928767679986464 93.196298445078 41.353450375265204 98.3315068939009
67.15110039868917 73.83450681449544 44.78603110474361 61.06336066965458 95.42245404736788 38.19633936541764 95.97292115086688
68.84346925966389 76.92369159947582 45.57961476705124 62.42850788042318 95.8948593557428 39.450020206960474 97.00269765384397
70.83803705467614 76.687363391963 48.033924248325945 59.39003158676589 96.5282550953951 34.723434756668375 94.97564904818171
64.67003747029848 82.80014936499607 44.205070975155806 58.62106476966086 101.35883075942614 33.03297040864546 91.70508080777397
63.273718565809226 81.72082114623167 39.05915345569014 57.773252987993125 101.55913227317514 32.51783841784792 91.25725199651244
63.544180225007416 83.64658010606739 41.37354794448876 58.79471640870354 97.49457464345349 37.13856869851451 91.08923546061615
59.83639570215879 82.80025577840436 39.811227472128806 63.7036693691524 102.71286841382744 38.08656787782732 93.600494355212
61.12309988478795 83.03654757129559 37.9180284198901 61.134993696468094 107.0284138144268 37.04050428735695 93.86157458100374
56.91777498818722 88.02981677703076 34.20734225316075 68.93645243654704 109.02970590100068 39.31609397760035 92.31030441193607
57.46999415115538 89.49880902410047 37.029387507105376 65.31802792242725 108.96047275126621 39.121378148853836 90.20641219905124
56.805161378331874 89.22622403779341 38.97868898270107 61.63562559028859 109.17065168284799 34.87612622395124 91.24104281077699
54.62407204037824 90.64006019839373 36.75264448380791 61.32960334472052 108.49488876044072 35.067234731527044 93.84467574862404
54.37401325082019 94.5175049252059 30.36526514305235 63.881315160565535 109.92169165325647 38.87326031655459 90.84829881029808
53.16629810768225 91.07124729271207 29.933785962355255 63.86894079838353 111.62822452256107 36.04046313980798 87.14680488999709
49.967899594226296 93.31281485308305 31.26124743617379 64.50639784665648 114.60494522914759 36.51233183799498 90.08986825346688
49.409089674616126 93.84915877198524 32.85535167661421 64.19159838383622 114.20110415648853 37.25556744590524 84.50276992526146
53.33854034957139 91.79191135450665 28.302373838611988 58.49729762666645 118.32635331064854 33.53246220578244 84.57780261636448
50.918801489348695 95.62663655387554 26.0653773759309 59.67030509377439 111.03525422615802 29.99548600578942 86.19242734114016
53.132367839361265 99.63838318059764 29.700744837360194 57.27538400062127 117.03359145876492 32.32734406954676 82.61446324915721
48.726733487730456 88.61112273371648 28.24615667665507 62.219134091113446 116.96806494774505 37.35100476664635 90.23280834980092
53.60321494692945 95.91752198392221 31.171944119235086 63.54924445328578 114.26218444352897 35.4881653658653 88.86842368216647
51.03207286601037 93.45281679786822 31.503818850021577 64.45057721072193 112.05527254723528 37.51805774226816 88.25052204394902
51.41028833716429 92.27581265240302 31.047666808233824 61.100183620460896 108.73245581393317 36.34267362478506 90.07032212179199
53.570312587817625 90.43989141223722 30.868888097082205 65.2265285907109 115.25877018799257 36.301076157890336 86.66788709573315
56.03613266301975 94.10996367057396 33.046317547802815 60.67843329107206 107.37614583488411 37.688457388376534 89.3108890129847
52.9820770112296 93.8429534680832 26.228547550553063 63.55736152794197 115.5531045184161 35.376072554185654 91.12182228425712
51.790160762623614 96.64694836695192 28.676595038296654 61.19922670507607 117.61601998506346 35.481694861755635 87.09570635668891
53.777112112382795 93.70679980498223 30.86704765680802 60.68384878464233 114.40864622830534 32.35399256136751 88.69371944688993
53.15160008129449 93.57136652669584 31.110672204217817 61.16631271579874 114.38465002483942 34.93123779811093 84.73255656583187
53.56292879839757 95.92803522428783 31.154311223614275 62.148568507810225 114.36840934706716 39.34823477772842 86.65356919949467
54.16604877032946 90.30098644049393 31.305454787692216 62.258029646724616 115.47747714022148 33.712900134133534 91.45181428835448
