GA=
Elapsed 33751957.400 micro secs.
number of conflicts: 0.0
number of cabinets: 50

41:0	10	63	115	123	127	169	
19:1	4	15	92	111	
47:2	93	122	143	157	
10:3	11	21	85	187	
11:5	27	32	40	120	
45:6	182	191	
23:7	81	97	185	190	
24:8	31	38	116	161	
35:9	65	156	179	192	
46:12	147	165	168	189	
27:13	17	155	167	
29:14	28	57	80	148	150	
1:16	66	173	
20:18	84	136	151	180	
22:19	49	158	181	
12:20	58	121	149	
33:22	67	87	114	
48:23	42	74	
36:24	53	83	118	
14:25	37	88	142	
7:26	95	
13:29	73	160	176	
49:30	100	102	174	
16:33	130	163	186	
3:34	68	140	159	171	
25:35	47	61	162	
43:36	56	96	126	
42:39	137	195	
39:41	139	
21:43	94	110	113	
9:44	54	70	132	144	164	
40:45	71	119	170	
15:46	109	112	146	154	
28:48	117	135	145	
26:50	104	
8:51	101	141	178	
30:52	78	103	105	
44:55	91	184	188	199	
5:59	129	
6:60	86	108	124	138	175	
2:62	76	107	134	
32:64	77	79	194	
37:69	193	
17:72	98	153	177	183	196	
0:75	128	197	
18:82	90	172	
4:89	106	152	
34:99	125	166	
38:131	198	
31:133

SA=
Elapsed 19665391.200 micro secs.
number of conflicts: 38.0
number of cabinets: 50

39:0	48	
6:1	56	82	150	185	
3:2	21	24	75	86	181	
10:3	5	14	125	195	
45:4	152	
30:6	83	104	
27:7	32	177	
38:8	33	80	87	98	123	146	
1:9	34	67	88	114	193	
25:10	30	31	37	102	119	160	
7:11	41	73	105	149	192	
0:12	26	27	184	
12:13	171	
17:15	59	71	74	81	132	182	
35:16	65	106	
14:17	61	155	186	
20:18	44	164	170	
40:19	47	52	179	
13:20	133	173	178	
49:22	77	112	144	158	189	
32:23	118	
9:25	29	99	172	
36:28	45	109	115	191	
24:35	128	180	
33:36	126	
28:38	46	85	107	130	
19:39	42	62	92	139	157	176	
8:40	90	161	162	
29:43	70	120	
37:49	50	93	135	151	
23:51	116	
46:53	55	84	
44:54	64	111	117	141	
21:57	143	147	
31:58	97	136	165	174	
42:60	113	121	127	129	166	175	194	
48:63	89	122	145	169	
34:66	78	103	159	167	199	
11:68	110	198	
15:69	91	
16:72	138	
2:76	79	96	134	137	
26:94	108	154	
22:95	140	190	
43:100	148	153	163	
5:101	168	183	
41:124	
18:131	142	156	
47:187	196	
4:188	197	

mc=
Elapsed 4939880.100 micro secs.
number of conflicts: 42.0
number of cabinets: 50

17:0	133	137	148	153	
7:1	30	103	193	
33:2	20	61	143	154	162	186	
45:3	24	82	123	
20:4	37	45	65	127	164	
29:5	71	126	166	
38:6	35	50	
18:7	26	142	167	190	
8:8	33	107	
32:9	11	16	17	
42:10	98	114	119	136	
21:12	63	188	
34:13	
25:14	18	83	122	199	
9:15	19	110	194	
30:21	53	101	161	
16:22	66	112	183	
31:23	49	70	79	
19:25	31	40	179	184	
24:27	84	170	
3:28	52	90	168	
28:29	67	106	111	
40:32	41	58	74	
2:34	120	174	192	
39:36	88	197	198	
0:38	55	95	116	177	
41:39	57	135	
15:42	81	89	93	140	163	187	
12:43	44	100	108	113	131	178	
10:46	54	76	117	129	
23:47	109	181	182	196	
6:48	
47:51	96	
48:56	59	175	
49:60	64	134	138	160	
44:62	69	
13:68	85	97	118	156	158	
43:72	94	146	189	
11:73	86	141	165	176	180	195	
5:75	102	124	139	151	
36:77	128	152	
1:78	121	130	
35:80	125	173	
37:87	144	191	
22:91	92	104	150	172	
14:99	132	171	
4:105	157	
26:115	147	149	
46:145	169	
27:155	159	185	