1,2,5,6,12,13,16,22,23,29,30,34,35,43,52,54,61,63,69,71,79,84,86,87,88,90,93,97,101,103,104,109,112,118,119,121,122,126,130,131,139,143,146,156,157,160,164,166,172,180,182,186,188,192,196,197,199
2,1,10,12,14,18,25,26,32,35,39,42,54,62,64,68,79,80,107,109,110,115,119,129,140,141,144,145,159,166,169,187,191,192,196,197,199
3,5,6,9,10,13,24,27,28,31,36,37,38,39,40,45,49,51,53,59,60,65,68,72,75,76,79,81,85,86,88,90,93,98,102,103,109,111,112,121,122,126,134,146,148,150,151,152,162,164,166,167,168,169,173,176,177,180,181,183,184,185,195,200
4,9,10,11,13,17,18,27,30,42,45,49,51,53,54,55,57,60,61,65,71,72,73,78,80,81,87,88,97,98,105,108,112,115,120,123,125,130,134,137,141,144,145,148,149,150,152,154,159,160,161,163,166,167,170,171,174,179,182,183,184,187,194,195,197,199
5,1,3,10,13,15,23,29,31,39,40,42,44,45,49,50,52,57,63,65,76,81,87,94,95,103,111,114,123,128,140,144,146,150,155,157,159,162,167,168,171,176,179,181,182,183,187,188,192,195,200
6,1,3,8,10,21,24,27,34,35,43,46,49,52,58,59,62,63,67,73,78,83,84,86,91,92,97,101,103,111,124,130,133,139,142,146,152,161,162,163,164,176,178,179,183,188,198
7,8,14,16,28,31,34,36,43,48,49,53,54,55,60,62,63,64,65,71,82,88,90,92,93,96,99,100,103,106,111,115,116,117,120,122,128,132,137,139,142,143,155,158,159,162,164,169,171,176,177,180,195,199
8,6,7,10,18,21,22,30,39,44,45,48,49,50,51,54,55,63,64,66,67,74,78,79,81,84,85,86,87,97,103,117,118,121,124,125,128,129,131,137,148,152,154,162,163,164,165,166,173,179,181,185,188,192,193,195,198
9,3,4,10,11,13,17,18,19,20,23,28,36,41,42,43,48,50,55,56,60,63,65,66,68,72,84,87,97,100,101,106,118,120,122,129,133,135,139,142,148,152,154,159,166,172,177,178,179,183,187,189,194,200
10,2,3,4,5,6,8,9,13,15,20,26,27,30,33,37,40,41,46,48,50,53,56,58,59,63,74,75,77,84,85,86,97,98,100,106,111,112,113,116,119,120,122,123,124,126,131,132,137,138,143,144,146,148,149,150,154,156,159,161,163,169,171,174,176,183,184,186,195,198,199
11,4,9,17,21,26,27,43,45,53,55,71,82,90,97,104,106,107,121,131,133,134,140,147,155,160,171,173,190,192,193
12,1,2,13,23,24,34,36,39,40,43,44,52,53,59,65,67,72,84,87,89,90,91,95,97,98,100,105,111,112,115,124,126,130,132,134,135,136,139,142,152,156,158,166,167,170,182,183,185,189,195,198
13,1,3,4,5,9,10,12,15,17,18,21,32,37,39,46,51,52,53,57,63,66,68,70,74,75,76,77,79,83,86,87,88,91,94,97,99,101,103,105,109,113,117,123,124,126,130,131,133,134,139,140,141,143,146,149,150,151,152,157,160,170,172,175,182,188
14,2,7,25,27,28,30,37,47,53,55,58,59,63,67,71,78,79,80,81,83,85,96,98,99,102,103,108,109,111,115,117,118,120,121,122,125,131,135,140,146,153,167,177,179,187
15,5,10,13,20,26,36,37,39,48,55,64,65,67,69,82,99,103,106,107,109,114,117,122,131,142,145,159,177,178,179
16,1,7,18,21,22,50,51,53,54,57,61,66,67,68,73,74,81,84,89,92,96,98,101,103,106,111,113,115,118,119,123,127,131,132,140,141,142,144,148,150,161,171,172,174,178,179,182,187,190,191
17,4,9,11,13,20,22,23,28,35,37,42,61,74,88,89,101,102,113,116,118,119,121,135,137,143,159,161,167,171,172,182,190,197
18,2,4,8,9,13,16,21,26,29,30,36,38,39,40,48,50,53,54,56,57,68,70,77,78,84,85,86,93,100,101,110,112,139,145,150,151,153,161,162,179,182,189
19,9,24,26,28,36,38,40,44,48,55,56,57,64,65,68,69,71,72,75,76,78,79,89,92,98,100,101,104,107,109,111,113,114,116,117,118,130,132,139,140,143,153,155,159,164,172,173,174,177,184,185,186,195,196
20,9,10,15,17,21,24,35,36,37,39,41,43,49,58,63,64,71,72,77,82,86,93,101,106,107,117,126,127,130,134,148,152,166,175,184,186,188,195,196
21,6,8,11,13,16,18,20,22,23,27,39,45,58,60,69,70,77,80,89,92,96,99,104,105,106,107,109,112,115,123,124,131,133,146,149,152,153,158,160,162,164,167,169,171,172,176,181,188,189,190,194
22,1,8,16,17,21,23,24,28,32,33,34,42,44,47,50,53,56,57,58,61,68,69,74,75,76,77,84,93,95,104,105,107,117,127,132,134,135,136,141,144,145,146,148,150,151,152,158,159,165,167,169,173,174,177,187,193,195,196,198
23,1,5,9,12,17,21,22,28,31,32,34,35,36,37,41,42,43,51,52,54,57,58,59,61,65,73,75,76,77,78,79,80,92,93,103,107,117,119,121,124,129,131,141,146,148,150,151,158,162,167,171,172,173,174,176,177,178,179,186,187,189,198
24,3,6,12,19,20,22,30,35,36,55,56,57,58,62,65,79,85,95,100,105,108,111,114,115,118,126,131,135,136,138,142,146,148,150,152,157,162,181,184,187,193,194,195
25,2,14,31,32,38,39,43,52,53,57,58,60,62,68,70,71,74,77,78,86,88,89,90,93,97,105,106,107,108,120,121,126,130,134,136,139,142,143,146,147,150,152,157,163,166,167,168,171,176,177,188,189,192,193,199
26,2,10,11,15,18,19,28,29,35,47,50,52,55,58,65,84,88,96,103,105,115,128,134,139,144,155,162,169,184
27,3,4,6,10,11,14,21,31,36,37,38,39,43,51,52,53,54,56,57,58,61,62,68,93,95,99,106,109,115,116,117,121,124,125,127,131,133,136,137,140,148,150,154,155,159,162,163,164,165,175,176,177,181,183,192,198
28,3,7,9,14,17,19,22,23,26,35,40,48,49,61,62,67,68,71,72,74,78,79,82,83,84,86,90,92,96,97,98,106,107,109,125,129,131,132,134,141,145,147,150,157,164,165,166,172,174,175,176,179,181,186,187,194,196,200
29,1,5,18,26,39,42,44,47,54,56,57,59,60,63,65,70,71,72,77,79,82,88,89,90,93,95,100,101,103,106,115,117,124,127,128,137,138,139,140,141,145,147,153,155,159,167,176,182,184,186,187,198,199
30,1,4,8,10,14,18,24,31,33,35,39,44,47,50,51,53,57,70,71,87,89,90,95,96,102,115,117,126,127,133,135,141,149,150,158,164,179
31,3,5,7,23,25,27,30,39,40,50,58,59,72,77,80,82,88,91,97,105,109,115,116,125,127,129,130,133,135,136,139,152,153,162,163,172,179,188,191
32,2,13,22,23,25,35,53,62,75,80,84,88,89,90,93,94,95,97,99,107,108,126,127,128,130,132,134,135,138,139,141,142,143,151,165,178,179,183,184,185,186,188,190,191
33,10,22,30,34,39,48,65,67,80,82,87,92,103,108,112,115,116,141,159,162,173,179,182,186
34,1,6,7,12,22,23,33,36,37,42,48,50,52,54,57,64,67,72,77,78,82,85,96,98,99,104,105,106,109,110,111,116,122,129,130,141,143,149,155,165,166,167,171,175,177,182,184,189,193,197,200
35,1,2,6,17,20,23,24,26,28,30,32,42,45,53,54,57,58,59,61,62,67,71,74,77,84,85,86,88,90,91,103,104,108,109,120,126,129,131,132,133,135,146,150,158,159,165,167,168,171,173,174,177,184,186,189,195,197
36,3,7,9,12,15,18,19,20,23,24,27,34,50,52,53,56,57,63,66,67,68,71,73,74,75,77,82,83,84,86,87,93,95,99,100,103,106,112,117,124,130,132,133,138,144,147,151,161,167,174,176,177,179,180,182,183,185,190,191,196
37,3,10,13,14,15,17,20,23,27,34,42,43,46,47,49,56,58,62,72,73,74,95,96,100,114,117,119,129,132,134,135,141,144,148,149,151,152,156,157,158,159,160,165,169,177,182,196
38,3,18,19,25,27,39,44,47,48,52,54,61,62,67,68,69,72,76,84,87,91,93,106,107,108,116,119,131,132,134,136,138,139,140,144,146,148,150,152,153,157,159,161,162,167,169,176,178,185,186,189,193
39,2,3,5,8,12,13,15,18,20,21,25,27,29,30,31,33,38,42,43,44,51,53,65,68,71,91,97,98,103,118,119,124,126,128,137,144,145,148,155,157,159,174,183,185,189,191,195
40,3,5,10,12,18,19,28,31,48,51,53,57,59,77,78,79,82,83,87,88,90,95,99,104,108,112,142,144,148,149,152,156,162,167,175,193,195,200
41,9,10,20,23,42,47,53,64,66,67,70,78,84,87,89,94,120,125,129,135,138,142,144,145,146,148,155,157,161,165,184,186,189,196,198
42,2,4,5,9,17,22,23,29,34,35,37,39,41,49,50,52,54,59,69,70,71,76,86,89,95,118,129,135,139,156,158,165,168,169,170,177,180,182,200
43,1,6,7,9,11,12,20,23,25,27,37,39,48,53,54,60,62,64,67,82,84,86,98,99,106,118,121,124,126,131,135,136,144,146,147,148,149,152,154,159,162,163,166,167,170,182,183,189,192
44,5,8,12,19,22,29,30,38,39,46,49,51,54,55,56,58,60,61,63,64,67,69,70,73,74,75,77,80,82,84,87,88,96,98,103,108,109,113,117,118,133,135,144,155,162,163,177,179,182,185,188,191,194,198,199
45,3,4,5,8,11,21,35,50,54,61,74,78,87,88,98,102,103,108,111,112,117,119,135,140,144,155,159,176,181,185,186,194,198,199
46,6,10,13,37,44,47,53,68,69,80,108,115,129,130,131,134,137,144,148,159,166,180,181,183,195
47,14,22,26,29,30,37,38,41,46,48,49,50,57,59,63,66,78,81,83,84,85,87,104,117,121,123,126,131,138,146,151,157,162,165,166,172,177,180,183,185,188
48,7,8,9,10,15,18,19,28,33,34,38,40,43,47,54,57,73,75,79,82,87,89,95,100,101,109,112,114,116,117,118,121,123,125,126,129,132,135,137,141,142,147,148,149,150,155,165,166,167,179,195
49,3,4,5,6,7,8,20,28,37,42,44,47,56,57,60,61,64,70,73,76,80,81,82,87,88,89,99,100,102,103,104,108,111,114,117,120,121,126,129,130,131,135,140,141,142,143,148,149,150,151,156,158,163,164,166,169,173,176,178,179,184,185,188,200
50,5,8,9,10,16,18,22,26,30,31,34,36,42,45,47,53,58,59,62,67,68,74,79,85,91,94,102,105,115,116,121,125,128,129,131,144,146,147,150,154,156,157,164,166,169,170,172,179,183,184,185,191,194,197
51,3,4,8,13,16,23,27,30,39,40,44,52,54,66,68,71,80,86,95,98,102,104,108,115,118,121,126,133,134,136,140,147,155,156,159,165,168,171,173,174,177,184,185,192
52,1,5,6,12,13,23,25,26,27,34,36,38,42,51,58,59,61,64,66,67,70,71,74,78,86,87,92,93,94,98,101,104,107,108,111,113,115,120,125,128,135,140,146,147,150,151,152,154,155,158,161,166,169,170,171,175,176,180,182,183,188,189,193,196
53,3,4,7,10,11,12,13,14,16,18,22,25,27,30,32,35,36,39,40,41,43,46,50,54,56,61,62,65,87,88,90,94,98,102,107,115,119,122,123,124,125,129,132,136,140,141,143,147,148,154,156,159,162,167,174,181,183,187,194,196,197,199
54,1,2,4,7,8,16,18,23,27,29,34,35,38,42,43,44,45,48,51,53,55,58,61,64,65,70,71,74,77,78,81,86,90,91,96,97,99,101,111,114,118,120,121,123,124,128,130,131,133,134,138,142,143,150,159,166,169,172,173,174,178,181,182,183,188,199,200
55,4,7,8,9,11,14,15,19,24,26,44,54,57,61,62,67,70,72,79,82,84,88,94,102,104,105,106,107,108,110,113,115,139,141,143,148,149,151,152,159,160,171,172,177,183,184,190,197,200
56,9,10,18,19,22,24,27,29,36,37,44,49,53,59,66,88,89,94,98,121,124,139,152,159
57,4,5,13,16,18,19,22,23,24,25,27,29,30,34,35,36,40,47,48,49,55,59,67,71,79,80,82,87,91,92,93,94,95,101,102,103,105,108,110,115,118,119,121,124,125,129,130,131,133,134,135,145,149,152,157,162,167,168,170,171,172,178,181,182,191,195,198,200
58,6,10,14,20,21,22,23,24,25,26,27,31,35,37,44,50,52,54,62,65,69,70,73,80,82,85,88,91,93,95,97,98,101,103,104,108,113,115,116,121,123,124,130,133,143,148,152,154,155,158,160,165,167,178,182,192,198
59,3,6,10,12,14,23,29,31,35,40,42,47,50,52,56,57,64,66,67,70,71,73,76,77,80,86,90,99,103,105,107,111,115,121,123,126,130,133,141,148,151,154,157,159,160,167,187,189,192,194,197
60,3,4,7,9,21,25,29,43,44,49,71,83,98,99,108,111,117,121,123,126,128,139,140,165,166,187,198
61,1,4,16,17,22,23,27,28,35,38,44,45,49,52,53,54,55,62,68,80,81,82,83,84,85,95,97,98,102,104,108,111,112,114,115,120,121,123,126,134,138,140,141,144,146,149,151,156,159,161,162,168,172,178,184,185,187,191,198
62,2,6,7,24,25,27,28,32,35,37,38,43,50,53,55,58,61,64,67,68,69,72,74,75,76,82,87,89,99,101,102,104,105,107,119,126,131,132,133,135,143,145,146,149,155,158,161,162,172,174,177,179,181,183,195,196
63,1,5,6,7,8,9,10,13,14,20,29,36,44,47,64,67,72,78,80,88,91,98,102,104,105,109,111,113,118,120,123,128,133,134,136,138,139,146,152,155,156,167,169,170,172,175,181,182,185,186,196
64,2,7,8,15,19,20,34,41,43,44,49,52,54,59,62,63,65,80,84,86,93,94,96,97,103,104,108,110,113,121,136,139,143,151,155,158,162,166,176,180,183,184,195,196,200
65,3,4,5,7,9,12,15,19,23,24,26,29,33,39,53,54,58,64,67,70,83,87,91,96,105,107,109,110,111,113,119,120,125,129,140,144,146,147,148,153,164,166,167,168,171,177,183,184,197,198
66,8,9,13,16,36,41,47,51,52,56,59,67,68,70,74,77,78,80,86,87,88,91,98,108,118,120,129,136,137,139,144,145,148,151,152,154,155,162,163,170,172,174,175,192,197,199
67,6,8,12,14,15,16,28,33,34,35,36,38,41,43,44,50,52,55,57,59,62,63,65,66,71,77,85,86,87,90,93,102,111,114,115,118,123,130,136,142,149,152,155,162,176,195
68,2,3,9,13,16,18,19,22,25,27,28,36,38,39,46,50,51,61,62,66,71,74,85,87,94,105,109,110,128,130,131,132,137,144,145,152,153,161,171,172,182,184,188,189,190,197
69,1,15,19,21,22,38,42,44,46,58,62,72,84,90,94,95,97,99,107,139,148,152,173,183,189,200
70,13,18,21,25,29,30,41,42,44,49,52,54,55,58,59,65,66,74,76,82,86,96,99,101,103,107,118,130,133,134,141,148,149,155,163,166,167,168,169,172,185,187,188,192
71,1,4,7,11,14,19,20,25,28,29,30,35,36,39,42,51,52,54,57,59,60,67,68,81,96,99,100,105,113,118,119,120,123,124,126,129,135,141,143,144,150,155,156,169,170,171,172,173,176,177,179,181,186,190,193,196,200
72,3,4,9,12,19,20,28,29,31,34,37,38,55,62,63,69,76,93,94,103,104,107,108,112,118,131,142,147,151,159,161,162,169,177,189,196,199
73,4,6,16,23,36,37,44,48,49,58,59,82,93,106,107,115,122,125,130,144,148,152,171,172,174,176,181,195
74,8,10,13,16,17,22,25,28,35,36,37,44,45,50,52,54,62,66,68,70,79,85,89,90,93,97,102,103,106,107,108,112,115,118,119,121,122,127,128,129,130,132,134,137,139,146,148,149,153,155,156,160,163,165,167,171,180,182,183,185,188,192,193,194,195
75,3,10,13,19,22,23,32,36,44,48,62,90,96,98,99,101,102,103,106,112,115,126,127,129,131,132,134,136,140,143,146,151,166,171,175,179,181,190,198
76,3,5,13,19,22,23,38,42,49,59,62,70,72,82,83,86,95,98,105,111,115,139,143,144,149,161,163,166,184,195,196
77,10,13,18,20,21,22,23,25,29,31,34,35,36,40,44,54,59,66,67,84,86,87,91,95,103,106,112,115,120,126,127,128,130,142,144,151,152,154,158,159,160,162,165,167,171,172,177,184,185,186,199,200
78,4,6,8,14,18,19,23,25,28,34,40,41,45,47,52,54,63,66,88,96,98,106,112,117,122,124,126,132,138,140,142,149,150,151,157,158,162,166,172,174,175,185,187,196
79,1,2,3,8,13,14,19,23,24,28,29,40,48,50,55,57,74,84,90,91,93,94,96,97,99,103,105,108,109,118,120,121,125,128,132,133,136,139,141,146,147,150,151,156,158,165,166,173,177,178,183,184,185,186,188,192,198
80,2,4,14,21,23,31,32,33,44,46,49,51,57,58,59,61,63,64,66,82,85,86,87,91,92,98,99,104,105,108,109,111,122,126,130,131,134,135,136,140,141,145,147,153,156,167,168,176,184,188,200
81,3,4,5,8,14,16,47,49,54,61,71,89,90,97,104,109,118,132,141,145,148,150,159,161,169,179,183,185,190
82,7,11,15,20,28,29,31,33,34,36,40,43,44,48,49,55,57,58,61,62,70,73,76,80,84,93,99,100,101,107,108,112,115,125,126,129,131,132,133,138,146,147,148,152,159,160,161,167,169,178,181,182,185,187,193
83,6,13,14,28,36,40,47,60,61,65,76,85,88,93,101,104,105,108,112,118,121,126,131,132,137,143,146,149,164,172,176,189,196,197
84,1,6,8,9,10,12,16,18,22,26,28,32,35,36,38,41,43,44,47,55,61,64,69,77,79,82,85,88,99,107,114,125,126,127,129,130,135,137,141,143,145,149,152,157,160,161,167,169,173,176,184,186,192,195,197
85,3,8,10,14,18,24,34,35,47,50,58,61,67,68,74,80,83,84,86,87,90,98,101,106,111,118,130,131,142,148,155,157,160,162,165,167,169,171,176,186,196
86,1,3,6,8,10,13,18,20,25,28,35,36,42,43,51,52,54,59,64,66,67,70,76,77,80,85,89,91,99,105,106,111,112,114,117,120,126,131,134,136,139,141,143,147,149,151,152,164,168,170,174,177,182,185,186,189,192,197,198,199
87,1,4,5,8,9,12,13,30,33,36,38,40,41,44,45,47,48,49,52,53,57,62,65,66,67,68,77,80,85,98,101,103,111,113,114,120,121,132,140,148,154,158,160,162,167,169,171,189,198
88,1,3,4,7,13,17,25,26,29,31,32,35,40,44,45,49,53,55,56,58,63,66,78,83,84,89,90,95,97,98,101,102,108,111,112,114,118,128,129,134,141,143,146,158,159,167,174,176,188,200
89,12,16,17,19,21,25,29,30,32,41,42,48,49,56,62,74,81,86,88,90,94,99,107,111,113,126,134,140,145,148,152,155,161,170,173,174,176,177,178,181,186,196
90,1,3,7,11,12,25,28,29,30,32,35,40,53,54,59,67,69,74,75,79,81,85,88,89,92,93,108,114,122,127,130,131,135,138,142,148,149,154,155,158,159,166,167,169,172,174,176,200
91,6,12,13,31,35,38,39,50,54,57,58,63,65,66,77,79,80,86,95,96,100,106,119,128,130,131,133,136,142,147,152,158,177,183,187,190,191,199
92,6,7,16,19,21,23,28,33,52,57,80,90,94,95,107,109,110,111,112,126,127,131,133,135,141,153,155,161,162,167,178
93,1,3,7,18,20,22,23,25,27,29,32,36,38,52,57,58,64,67,72,73,74,79,82,83,90,96,99,100,103,105,109,110,115,119,125,126,132,133,135,141,155,156,161,163,165,166,167,170,171,174,185,195
94,5,13,32,41,50,52,53,55,56,57,64,68,69,72,79,89,92,95,106,111,115,119,130,132,134,137,139,142,146,151,156,168,169,170,171,172,181,182,186,190,195,196,197
95,5,12,22,24,27,29,30,32,36,37,40,42,48,51,57,58,61,69,76,77,88,91,92,94,99,102,113,118,119,124,135,140,141,144,146,151,153,154,158,160,168,169,177,184,187,198
96,7,14,16,21,26,28,30,34,37,44,54,64,65,70,71,75,78,79,91,93,125,126,131,132,139,144,145,147,155,157,160,161,163,171,172,174,177,179,183
97,1,4,6,8,9,10,11,12,13,25,28,31,32,39,54,58,61,64,69,74,79,81,88,103,106,113,116,117,132,136,140,147,148,149,162,164,166,174,182,190,192,196,198,200
98,3,4,10,12,14,16,19,28,34,39,43,44,45,51,52,53,56,58,60,61,63,66,75,76,78,80,85,87,88,101,102,108,118,120,131,135,138,139,140,142,147,153,157,167,168,170,173,174,176,183,188,190,200
99,7,13,14,15,21,27,32,34,36,40,43,49,54,59,60,62,69,70,71,75,79,80,82,84,86,89,93,95,101,105,109,113,131,133,138,141,148,152,153,156,157,159,163,164,165,166,169,171,173,177,189,190,196
100,7,9,10,12,18,19,24,29,36,37,48,49,71,82,91,93,115,134,138,146,158,163,166,176,177,178
101,1,6,9,13,16,17,18,19,20,29,48,52,54,57,58,62,70,75,82,83,85,87,88,98,99,105,116,119,121,133,136,137,146,147,155,162,163,166,170,171,185,186,192,195,196
102,3,14,17,30,45,49,50,51,53,55,57,61,62,63,67,74,75,88,95,98,108,117,118,121,130,134,144,150,151,152,166,174,177,185,189,192,200
103,1,3,5,6,7,8,13,14,15,16,23,26,29,33,35,36,39,44,45,49,57,58,59,64,70,72,74,75,77,79,87,93,97,108,117,126,129,130,132,135,137,143,147,157,165,167,168,169,177,179,187,191
104,1,11,19,21,22,34,35,40,47,49,51,52,55,58,61,62,63,64,72,80,81,83,111,116,124,126,127,132,134,141,143,149,150,156,159,173,176,181,184,189,192,193,195
105,4,12,13,21,22,24,25,26,31,34,50,55,57,59,62,63,65,68,71,76,79,80,83,86,93,99,101,109,115,117,125,129,130,132,134,135,144,145,148,152,160,161,162,165,169,176,180,182,183,188,189,192,195
106,7,9,10,11,15,16,20,21,25,27,28,29,34,36,38,43,55,73,74,75,77,78,85,86,91,94,97,107,108,111,115,117,119,121,123,127,131,134,135,139,142,146,148,151,153,155,165,167,170,172,182,184,186,189,191,196,199
107,2,11,15,19,20,21,22,23,25,28,32,38,52,53,55,59,62,65,69,70,72,73,74,82,84,89,92,106,108,110,115,116,118,122,124,128,134,139,155,157,158,159,160,162,163,166,174,177,179,183,184,186,200
108,4,14,24,25,32,33,35,38,40,44,45,46,49,51,52,55,57,58,60,61,64,66,72,74,79,80,82,83,88,90,98,102,103,106,107,109,114,117,118,120,124,127,128,139,143,144,148,149,157,160,163,169,184,195
109,1,2,3,13,14,15,19,21,27,28,31,34,35,44,48,63,65,68,79,80,81,92,93,99,105,108,112,113,114,115,118,123,124,126,130,142,143,148,152,153,155,156,159,163,167,173,180,189
110,2,18,34,55,57,64,65,68,92,93,107,118,125,139,161,162,166,171,176,181,187,189
111,3,5,6,7,10,12,14,16,19,24,34,45,49,52,54,59,60,61,63,65,67,76,80,85,86,87,88,89,92,94,104,106,112,113,119,122,125,127,128,131,134,136,140,141,143,144,146,147,155,158,161,163,166,169,172,175,176,184,185,187
112,1,3,4,10,12,18,21,33,36,40,45,48,61,72,74,75,77,78,82,83,86,88,92,109,111,120,122,129,130,134,136,139,146,147,151,157,159,161,164,167,177,182,183,195,197
113,10,13,16,17,19,44,52,55,58,63,64,65,71,87,89,95,97,99,109,111,119,120,125,129,134,149,150,151,152,157,158,172,178
114,5,15,19,24,37,48,49,54,61,67,84,86,87,88,90,108,109,115,117,121,129,134,135,139,148,152,157,191,195,196,197
115,2,4,7,12,14,16,21,24,26,27,29,30,31,33,46,50,51,52,53,55,57,58,59,61,67,73,74,75,76,77,82,93,94,100,105,106,107,109,114,117,118,119,125,131,132,134,142,143,149,157,163,167,170,171,174,175,177,179,181,183,187,196,198
116,7,10,17,19,27,31,33,34,38,48,50,58,97,101,104,107,117,125,129,133,135,139,141,143,153,155,165,167,169,179,182
117,7,8,13,14,15,19,20,22,23,27,29,30,36,37,44,45,47,48,49,60,78,86,97,102,103,105,106,108,114,115,116,118,119,120,122,126,131,132,133,135,143,148,152,157,161,166,167,169,173,175,179,181,182,184,185,188,189,191,193,194,195,198
118,1,8,9,14,16,17,19,24,39,42,43,44,48,51,54,57,63,66,67,70,71,72,74,79,81,83,85,88,95,98,102,107,108,109,110,115,117,122,128,137,139,140,147,149,152,153,154,158,159,160,166,170,172,176,177,179,180,181,192,194,199
119,1,2,10,16,17,23,37,38,39,45,53,57,62,65,71,74,91,93,94,95,101,106,111,113,115,117,128,135,136,143,158,161,165,166,169,172,173,175,177,179
120,4,7,9,10,14,25,35,41,49,52,54,61,63,65,66,71,77,79,86,87,98,108,112,113,117,124,131,138,139,148,150,152,153,165,167,169,177,178,180,186,187,195
121,1,3,8,11,14,17,23,25,27,43,47,48,49,50,51,54,56,57,58,59,60,61,64,74,79,83,87,101,102,106,114,123,126,127,133,134,136,138,143,159,163,165,173,180,184,185,186,198,200
122,1,3,7,9,10,14,15,34,53,73,74,78,80,90,107,111,112,117,118,123,126,129,144,146,148,173,179,181,185,189,193
123,4,5,10,13,16,21,47,48,53,54,58,59,60,61,63,67,71,106,109,121,122,127,129,130,131,137,142,148,152,160,161,177,180,183,186,191
124,6,8,10,12,13,21,23,27,29,36,39,43,53,54,56,57,58,71,78,95,104,107,108,109,120,129,130,142,149,150,152,159,161,162,167,177,183,191,195,196,200
125,4,8,14,27,28,31,41,48,50,52,53,57,65,73,79,82,84,93,96,105,110,111,113,115,116,126,130,138,147,148,149,150,152,155,158,167,172,174,175,178,191,192,200
126,1,3,10,12,13,20,24,25,30,32,35,39,43,47,48,49,51,59,60,61,62,71,75,77,78,80,82,83,84,86,89,92,93,96,103,104,109,117,121,122,125,134,135,136,137,140,141,144,145,147,150,151,154,156,157,163,165,171,172,174,176,178,179,181,182,183,184,189,192
127,16,20,22,27,29,30,31,32,74,75,77,84,90,92,104,106,108,111,121,123,142,148,149,153,159,162,166,169,172,173,181,182,183,195,197
128,5,7,8,26,29,32,39,50,52,54,60,63,68,74,77,79,88,91,107,108,111,118,119,132,150,156,161,162,164,179,184,185
129,2,8,9,23,28,31,34,35,37,41,42,46,48,49,50,53,57,65,66,71,74,75,82,84,88,103,105,112,113,114,116,122,123,124,131,132,136,139,146,148,150,162,163,164,169,170,172,174,176,183,184,188,189,190,192,195,196,197
130,1,4,6,12,13,19,20,25,31,32,34,36,46,49,54,57,58,59,67,68,70,73,74,77,80,84,85,90,91,94,102,103,105,109,112,123,124,125,132,134,136,144,145,147,148,153,155,156,159,162,170,173,178,180,181,189,191,196
131,1,8,10,11,13,14,15,16,21,23,24,27,28,35,38,43,46,47,49,50,54,57,62,68,72,75,80,82,83,85,86,90,91,92,96,98,99,106,111,115,117,120,123,129,137,143,145,149,153,158,163,165,166,169,170,180,185,186,188,189,197,199,200
132,7,10,12,16,19,22,28,32,35,36,37,38,48,53,62,68,74,75,78,79,81,82,83,87,93,94,96,97,103,104,105,115,117,128,129,130,137,142,143,145,147,148,149,150,152,167,171,172,174,175,180,186,189,192,200
133,6,9,11,13,21,27,30,31,35,36,44,51,54,57,58,59,62,63,70,79,82,91,92,93,99,101,116,117,121,134,142,147,152,159,162,168,174,178,179
134,3,4,11,12,13,20,22,25,26,28,32,37,38,46,51,54,57,61,63,70,74,75,80,86,88,89,94,100,102,104,105,106,107,111,112,113,114,115,121,126,130,133,135,136,139,144,148,149,152,153,155,161,167,168,177,181,183,185,195,196,197
135,9,12,14,17,22,24,30,31,32,35,37,41,42,43,44,45,48,49,52,57,62,71,80,84,90,92,93,95,98,103,105,106,114,116,117,119,126,134,146,150,155,158,172,174,175,177,179,183,184,187,189,192,196
136,12,22,24,25,27,31,38,43,51,53,63,64,66,67,75,79,80,86,91,97,101,111,112,119,121,126,129,130,134,138,145,165,166,170,171,180,196
137,4,7,8,10,17,27,29,39,46,48,66,68,74,83,84,94,101,103,118,123,126,131,132,139,155,158,159,167,169,174,176,184,185,191,194
138,10,24,29,32,36,38,41,47,54,61,63,78,82,90,98,99,100,120,121,125,136,140,141,152,153,158,161,170,186,200
139,1,6,7,9,12,13,18,19,25,26,29,31,32,38,42,55,56,60,63,64,66,69,74,76,79,86,94,96,98,106,107,108,110,112,114,116,118,120,129,134,137,145,146,149,152,155,166,167,171,173,183,186,191,193,196
140,2,5,11,13,14,16,19,27,29,38,45,49,51,52,53,60,61,65,75,78,80,87,89,95,97,98,111,118,126,138,143,164,183,187,192,198
141,2,4,13,16,22,23,28,29,30,32,33,34,37,48,49,53,55,59,61,70,71,79,80,81,84,86,88,92,93,95,99,104,111,116,126,138,144,146,147,149,152,155,161,162,165,173,175,180,181,183,184,186,189,200
142,6,7,9,12,15,16,24,25,32,40,41,48,49,54,67,72,77,78,85,90,91,94,98,106,109,115,123,124,127,132,133,144,151,154,158,160,165,169,174,176,178,187,193,195,197
143,1,7,10,13,17,19,25,32,34,49,53,54,55,58,62,64,71,75,76,83,84,86,88,103,104,108,109,111,115,116,117,119,121,131,132,140,146,149,151,155,157,158,159,171,173,182,183
144,2,4,5,10,16,22,26,36,37,38,39,40,41,43,44,45,46,50,61,65,66,68,71,73,76,77,95,96,102,105,108,111,122,126,130,134,141,142,146,151,152,154,157,160,161,166,171,172,173,176,179,181,185,186,197
145,2,4,15,18,22,28,29,39,41,57,62,66,68,80,81,84,89,96,105,126,130,131,132,136,139,146,148,150,178,188,195,200
146,1,3,5,6,10,13,14,21,22,23,24,25,35,38,41,43,47,50,52,61,62,63,65,74,75,79,82,83,88,94,95,100,101,106,111,112,122,129,135,139,141,143,144,145,149,155,158,161,163,164,171,174,176,177,179,183,184,189,191,192,197,198,199,200
147,11,25,28,29,36,43,48,50,51,52,53,65,72,79,80,82,86,91,96,97,98,101,103,111,112,118,125,126,130,132,133,141,148,149,153,156,159,162,163,166,167,168,176,177,181,184,194,197,198,199,200
148,3,4,8,9,10,16,20,22,23,24,27,37,38,39,40,41,43,46,48,49,53,55,58,59,65,66,69,70,73,74,81,82,85,87,89,90,97,99,105,106,108,109,114,117,120,122,123,125,127,129,130,132,134,145,147,151,152,153,154,155,159,160,161,165,173,184,186,192,193,200
149,4,10,13,21,30,34,37,40,43,48,49,55,57,61,62,67,70,74,76,78,83,84,86,90,97,104,108,113,115,118,124,125,127,131,132,134,139,141,143,146,147,159,161,168,171,172,178,179,185,187,189,192,194,197,199,200
150,3,4,5,10,13,16,18,22,23,24,25,27,28,30,35,38,48,49,50,52,54,71,78,79,81,102,104,113,120,124,125,126,128,129,132,135,145,152,155,156,162,167,169,170,175,176,177,180,182,184,185,186,188,191,195
151,3,13,18,22,23,32,36,37,47,49,52,55,59,61,64,66,72,75,77,78,79,86,94,95,102,106,112,113,126,142,143,144,148,156,161,162,165,166,183,185,188,190,198
152,3,4,6,8,9,12,13,20,21,22,24,25,31,37,38,40,43,52,55,56,57,58,63,66,67,68,69,73,77,82,84,86,89,91,99,102,105,109,113,114,117,118,120,123,124,125,132,133,134,138,139,141,144,148,150,155,156,157,160,169,171,172,177,178,179,183,187,191,193,197,200
153,14,18,19,21,29,31,38,65,68,74,80,92,95,98,99,106,109,116,118,120,127,130,131,134,138,147,148,162,163,172,181,189,191
154,4,8,9,10,27,43,50,52,53,58,59,66,77,87,90,95,118,126,142,144,148,176,177
155,5,7,11,19,26,27,29,34,39,41,44,45,48,51,52,58,62,63,64,66,67,70,71,74,85,89,90,92,93,96,101,106,107,109,111,116,125,130,134,135,137,139,141,143,146,148,150,152,165,171,173,174,181,185,188,192,195
156,1,10,12,37,40,42,49,50,51,53,61,63,71,74,79,80,93,94,99,104,109,126,128,130,147,150,151,152,161,162,165,181,189,196,200
157,1,5,13,24,25,28,37,38,39,41,47,50,57,59,78,84,85,96,98,99,103,107,108,112,113,114,115,117,126,143,144,152,161,165,167,169,173,176,177,179,185,188,190,197,199
158,7,12,21,22,23,30,35,37,42,49,52,58,62,64,77,78,79,87,88,90,91,95,100,107,111,113,118,119,125,131,135,137,138,142,143,146,161,162,164,165,166,167,169,173,180,183,185,186,187,188,190,193,198
159,2,4,5,7,9,10,15,17,19,22,27,29,33,35,37,38,39,43,45,46,51,53,54,55,56,59,61,72,77,81,82,88,90,99,104,107,109,112,118,121,124,127,130,133,137,143,147,148,149,160,170,173,178,186,187,189,191,198
160,1,4,11,13,21,37,55,58,59,74,77,82,84,85,87,95,96,105,107,108,118,123,142,144,148,152,159,164,165,167,177,182,195
161,4,6,10,16,17,18,36,38,41,52,61,62,68,72,76,81,82,84,89,92,93,96,105,110,111,112,117,119,123,124,128,134,138,141,144,146,148,149,151,156,157,158,162,167,169,171,176,178,185,190,192,195,198,199,200
162,3,5,6,7,8,18,21,23,24,26,27,31,33,38,40,43,44,47,53,57,61,62,64,66,67,72,77,78,85,87,92,97,101,105,107,110,124,127,128,129,130,133,141,147,150,151,153,156,158,161,168,172,174,176,186,191,193,197,198
163,4,6,8,10,25,27,31,43,44,49,66,70,74,76,93,96,99,100,101,107,108,109,111,115,121,126,129,131,146,147,153,170,180,181,185,188,194,195
164,1,3,6,7,8,19,21,27,28,30,49,50,65,83,86,97,99,112,128,129,140,146,158,160,172,180,184,193,195
165,8,22,27,28,32,34,35,37,41,42,47,48,51,58,60,74,77,79,85,93,99,103,105,106,116,119,120,121,126,131,136,141,142,148,151,155,156,157,158,160,169,170,176,179,185,189,197,199,200
166,1,2,3,4,8,9,12,20,25,28,34,43,46,47,48,49,50,52,54,60,64,65,70,75,76,78,79,90,93,97,99,100,101,102,107,110,111,117,118,119,127,131,136,139,144,147,151,158,168,179,180,183,187,189,196,197,200
167,3,4,5,12,14,17,21,22,23,25,29,34,35,36,38,40,43,48,53,57,58,59,63,65,70,74,77,80,82,84,85,87,88,90,92,93,98,103,106,109,112,115,116,117,120,124,125,132,134,137,139,147,150,157,158,160,161,178,182,184,186,189,196
168,3,5,25,35,42,51,57,61,65,70,80,86,94,95,98,103,133,134,147,149,162,166,169,171,181,183,185
169,2,3,7,10,21,22,26,37,38,42,49,50,52,54,63,70,71,72,81,82,84,85,87,90,94,95,99,103,105,108,111,116,117,119,120,127,129,131,137,142,150,152,157,158,161,165,168,171,172,175,187,188,192,196,197,198
170,4,12,13,42,43,50,52,57,63,66,71,86,89,93,94,98,101,106,115,118,129,130,131,136,138,150,159,163,165,172,184,185
171,4,5,7,10,11,16,17,21,23,25,34,35,51,52,55,57,65,68,71,73,74,75,77,85,87,93,94,96,99,101,110,115,126,132,136,139,143,144,146,149,152,155,161,168,169,174,182,183,187,189,191,195,196,198,199
172,1,9,13,16,17,19,21,23,28,31,47,50,54,55,57,61,62,63,66,68,70,71,73,77,78,83,90,94,96,106,111,113,118,119,125,126,127,129,132,135,144,149,152,153,162,164,169,170,174,179,188,193,196,198,200
173,3,8,11,19,22,23,33,35,49,51,54,69,71,79,84,89,98,99,104,109,117,119,121,122,127,130,139,141,143,144,148,155,157,158,159,176,179,183,198
174,4,10,16,19,22,23,28,35,36,39,51,53,54,62,66,73,78,86,88,89,90,93,96,97,98,102,107,115,125,126,129,132,133,135,137,142,146,155,162,171,172,178,184,185,186,188,193,194,199
175,13,20,27,28,34,40,52,63,66,75,78,111,115,117,119,125,132,135,141,150,169,176,179,183
176,3,5,6,7,10,21,23,25,27,28,29,36,38,45,49,52,64,67,71,73,80,83,84,85,88,89,90,98,100,104,105,110,111,118,126,129,137,142,144,146,147,150,154,157,161,162,165,173,175,177,178,196,200
177,3,7,9,14,15,19,22,23,25,27,34,35,36,37,42,44,47,51,55,62,65,71,72,77,79,86,89,91,95,96,99,100,102,103,107,112,115,118,119,120,123,124,134,135,146,147,150,152,154,157,160,176,178,182,187,189,191,195,196
178,6,9,15,16,23,32,38,49,54,57,58,61,79,82,89,92,100,113,120,125,126,130,133,142,145,149,152,159,161,167,174,176,177,183,190,192,195,196,200
179,4,5,6,8,9,14,15,16,18,23,28,30,31,32,33,36,44,48,49,50,62,71,75,81,96,103,107,115,116,117,118,119,122,126,128,133,135,144,146,149,152,157,165,166,172,173,175,183,184,185,187,188,190,200
180,1,3,7,36,42,46,47,52,64,74,105,109,118,120,121,123,130,131,132,136,141,150,158,163,164,166,189,190,191,197,200
181,3,5,8,21,24,27,28,45,46,53,54,57,62,63,71,73,75,82,89,94,104,110,115,117,118,122,126,127,130,134,141,144,147,153,155,156,163,168,182,184,185,194,197,200
182,1,4,5,12,13,16,17,18,29,33,34,36,37,42,43,44,52,54,57,58,63,68,74,82,86,94,97,105,106,112,116,117,126,127,143,150,160,167,171,177,181,184,186,195,198,200
183,3,4,5,6,9,10,12,27,32,36,39,43,46,47,50,52,53,54,55,62,64,65,69,74,79,81,91,96,98,105,107,112,115,123,124,126,127,129,134,135,139,140,141,143,146,151,152,158,166,168,171,173,175,178,179,184,187,195,200
184,3,4,10,19,20,24,26,29,32,34,35,41,49,50,51,55,61,64,65,68,76,77,79,80,84,95,104,106,107,108,111,117,121,126,128,129,135,137,141,146,147,148,150,164,167,170,174,179,181,182,183,185,186,190,198,200
185,3,8,12,19,32,36,38,39,44,45,47,49,50,51,61,63,70,74,77,78,79,81,82,86,93,101,102,111,117,121,122,128,131,134,137,144,149,150,151,155,157,158,161,163,165,168,170,174,179,181,184,192,194,196,198
186,1,10,19,20,23,28,29,32,33,35,38,41,45,63,71,77,79,84,85,86,89,94,101,106,107,120,121,123,131,132,138,139,141,144,148,150,158,159,162,167,174,182,184,200
187,2,4,5,9,14,16,22,23,24,28,29,53,59,60,61,70,78,82,91,95,103,110,111,115,120,135,140,142,149,152,158,159,166,169,171,177,179,183,188
188,1,5,6,8,13,20,21,25,31,32,44,47,49,52,54,68,70,74,79,80,88,98,105,117,129,131,145,150,151,155,157,158,163,169,172,174,179,187,200
189,9,12,18,21,23,25,34,35,38,39,41,43,52,59,68,69,72,83,86,87,99,102,104,105,106,109,110,117,122,126,129,130,131,132,135,141,146,149,153,156,159,165,166,167,171,177,180,191,194,195
190,11,16,17,21,32,36,55,68,71,75,81,91,94,97,98,99,129,151,157,158,161,178,179,180,184,196,200
191,2,16,31,32,36,39,44,50,57,61,91,103,106,114,117,123,124,125,130,137,139,146,150,152,153,159,162,171,177,180,189,195,196,197
192,1,2,5,8,11,25,27,43,51,58,59,66,70,74,79,84,86,97,101,102,104,105,118,125,126,129,132,135,140,146,148,149,155,161,169,178,185
193,8,11,22,24,25,34,38,40,52,71,74,82,104,117,122,139,142,148,152,158,162,164,172,174,200
194,4,9,21,24,28,44,45,50,53,59,74,117,118,137,147,149,163,174,181,185,189
195,3,4,5,7,8,10,12,19,20,22,24,35,39,40,46,48,57,62,64,67,73,74,76,84,93,94,101,104,105,108,112,114,117,120,124,127,129,134,142,145,150,155,160,161,163,164,171,177,178,182,183,189,191,196
196,1,2,19,20,22,28,36,37,41,52,53,62,63,64,71,72,76,78,83,85,89,94,97,99,101,106,114,115,124,129,130,134,135,136,139,156,166,167,169,171,172,176,177,178,185,190,191,195
197,1,2,4,17,34,35,50,53,55,59,65,66,68,83,84,86,94,112,114,127,129,131,134,142,144,146,147,149,152,157,162,165,166,169,180,181,191,200
198,6,8,10,12,22,23,27,29,41,44,45,57,58,60,61,65,75,79,86,87,95,97,115,117,121,140,146,147,151,158,159,161,162,169,171,172,173,182,184,185,200
199,1,2,4,7,10,25,29,44,45,53,54,66,72,77,86,91,106,118,131,146,147,149,157,161,165,171,174
200,3,5,9,28,34,40,42,49,54,55,57,64,69,71,77,80,88,90,97,98,102,107,121,124,125,131,132,138,141,145,146,147,148,149,152,156,161,165,166,172,176,178,179,180,181,182,183,184,186,188,190,193,197,198
